11005 11021 11037 11053 11069
11085 11101 11117 11133 11149
11165 11181 11197 11213 11229
11245 11261 11277 11293 11309
11323 11339 11355 11371 11387
11403 11419 11435 11451 11467
11483 11499 11515 11531 11547
11563 11579 11595 11611 11627
11643 11659 11675 11688 11704
11720 11736 11752 11768 11784
11800 11816 11832 11848 11864
11880 11896 11912 11928 11944
11960 11976 11992 12008 12024
12040 12053 12069 12085 12101
12117 12133 12149 12165 12181
12197 12213 12229 12245 12261
12277 12293 12309 12325 12341
12357 12373 12389 12405 12418
12434 12450 12466 12482 12498
12514 12530 12546 12562 12578
12594 12610 12626 12642 12658
12674 12690 12706 12722 12738
12754 12770 12784 12800 12816
12832 12848 12864 12880 12896
12912 12928 12944 12960 12976
12992 13008 13024 13040 13056
13072 13088 13104 13120 13136
13149 13165 13181 13197 13213
13229 13245 13261 13277 13293
13309 13325 13341 13357 13373
13389 13405 13421 13437 13453
13469 13485 13501 13514 13530
13546 13562 13578 13594 13610
13626 13642 13658 13674 13690
13706 13722 13738 13754 13770
13786 13802 13818 13834 13850
13866 13879 13895 13911 13927
13943 13959 13975 13991 14007
14023 14039 14055 14071 14087
14103 14119 14135 14151 14167
14183 14199 14215 14231 14245
14261 14277 14293 14309 14325
14341 14357 14373 14389 14405
14421 14437 14453 14469 14485
14501 14517 14533 14549 14565
14581 14597 14610 14626 14642
14658 14674 14690 14706 14722
14738 14754 14770 14786 14802
14818 14834 14850 14866 14882
14898 14914 14930 14946 14962
14975 14991 15007 15023 15039
15055 15071 15087 15103 15119
15135 15151 15167 15183 15199
15215 15231 15247 15263 15279
15295 15311 15327 15340 15356
15372 15388 15404 15420 15436
15452 15468 15484 15500 15516
15532 15548 15564 15580 15596
15612 15628 15644 15660 15676
15692 15706 15722 15738 15754
15770 15786 15802 15818 15834
15850 15866 15882 15898 15914
15930 15946 15962 15978 15994
16010 16026 16042 16058 16071
16087 16103 16119 16135 16151
16167 16183 16199 16215 16231
16247 16263 16279 16295 16311
16327 16343 16359 16375 16391
16407 16423 16436 16452 16468
16484 16500 16516 16532 16548
16564 16580 16596 16612 16628
16644 16660 16676 16692 16708
16724 16740 16756 16772 16788
16801 16817 16833 16849 16865
16881 16897 16913 16929 16945
16961 16977 16993 17009 17025
17041 17057 17073 17089 17105
17121 17137 17153 17167 17183
17199 17215
